-4.884466171264648
-6.493303298950195
-7.237609386444092
-7.106490612030029
-6.463919639587402
-7.1945481300354
-6.604269027709961
-6.641554832458496
-6.5917744636535645
-7.8994598388671875
-6.250797748565674
-6.061751842498779
-5.986319065093994
-7.12206506729126
-6.249545574188232
-6.257580757141113
-7.50053071975708
-6.9450459480285645
-5.225682258605957
-6.564331531524658
-7.31800651550293
-7.004981994628906
-7.112339019775391
-6.691015720367432
-6.917301177978516
-6.678213119506836
-5.869995594024658
-6.277467727661133
-6.884824275970459
-4.646655559539795
-6.054781913757324
-6.022500514984131
-6.0592875480651855
-6.63820219039917
-6.021124839782715
-6.600458145141602
-7.118898868560791
-6.97795295715332
-6.970272064208984
-7.064757347106934
-6.388807773590088
-6.404858112335205
-6.222079277038574
-6.579428195953369
-6.524097442626953
-6.364346981048584
-6.329800128936768
-7.0334696769714355
-6.759888648986816
-6.163132190704346
-6.960931301116943
-4.624460697174072
-5.823363304138184
-6.163163185119629
-7.253405570983887
-6.913908004760742
-6.537622451782227
-6.732842445373535
-6.301271438598633
-6.547287940979004
-6.205103397369385
-6.028305530548096
-6.6451497077941895
-6.944299697875977
-5.7910475730896
-6.494195938110352
-6.852169990539551
-5.87924337387085
-5.781155586242676
-6.5926313400268555
-6.527840614318848
-6.571052074432373
-7.134608268737793
-5.560651779174805
-7.437014579772949
-7.406432151794434
-4.5956130027771
-6.592953681945801
-7.063192844390869
-6.858154773712158
-7.328503608703613
-6.463236331939697
-5.951939105987549
-6.068530559539795
-6.535624027252197
-6.234989166259766
-6.815295696258545
-6.705433368682861
-6.972139358520508
-7.1124982833862305
-7.123132228851318
-7.03419828414917
-8.141454696655273
-6.474508285522461
-6.735044956207275
-6.763777256011963
-6.23166561126709
-6.033762454986572
-5.161995887756348